2560747
9467855
8463050
9133237
360158
8051935
153330
3029192
5119500
6004638
5218745
8617242
6706863
7551491
8024641
9536614
1176997
737393
9101441
6511873
5674228
8193913
6853376
8163993
2365275
9165568
4233613
5294689
4218345
1737520
1571054
6801153
8832015
6365484
3133999
2720069
8758555
6947993
3434870
9809500
596152
3355133
8535947
9473160
1801282
1289035
5781724
9824168
7076005
7406409
8621702
9497635
5935073
211420
1905055
3050495
4955185
3629667
7915578
1567934
5616666
4983523
5372680
8914132
65755
432484
8766411
407271
3031513
4663533
8098220
1484698
3817033
6619954
9412056
2610166
8714181
4736212
519341
716707
9756329
6320408
8517788
9425656
4458011
8142604
2510201
5540358
9844956
1550710
8144114
9627325
8607358
7302848
2187289
3347212
4285932
2226098
2676091
7350005
459206
3784467
6808925
9557082
1050598
8805060
8930404
6272230
8697543
3678296
8330012
8308505
4363913
7416512
3855535
4531306
8709148
9341022
239299
1856847
8123154
7914002
9985673
7229253
9282401
5425321
6149216
4849778
608680
4090645
6075253
8681748
78811
4002198
5423573
1396131
7822829
3997537
8532665
2837984
1563635
7466980
2301740
7402690
2514540
7624087
9852299
917882
1107736
7529554
912150
8410369
2738126
7351232
1059895
6601951
9624821
7218953
7553735
2542477
397435
5620555
6171657
5570096
113899
1570677
3510313
6866649
2988376
9543372
582000
9699621
4112051
3277773
806387
6553471
3788661
7417095
7476163
806260
2498434
3668562
297428
6189479
50642
6520303
529924
5798248
3881284
493699
1323966
7480577
9642112
8575367
4058319
6830510
3241821
2839443
4778172
3833483
9969245
2265684
8208782
1101977
1485751
7582595
1224140
2748396
4550747
5985591
9409393
5887321
9436714
4142862
6544072
9175176
8445811
4804955
1407033
8395687
2166343
7866333
7873667
375973
994789
5983416
9442386
9344301
1142834
2934254
2884232
2277799
1986150
2308065
6312297
2795496
1163256
5866400
4872877
5282198
2653899
313343
2561387
8389087
4475282
6784492
7933124
7471637
6912035
8704583
6816366
6696292
3000273
6313958
7155800
2674464
7106318
9938493
7983831
4503823
5099574
3423076
1542956
630488
3290630
6748203
1997843
4064093
8499354
5679691
8633120
3390795
439085
9367513
5468498
6037593
5047741
9035715
1210853
8521323
7211025
1184064
6558873
8745495
275740
9650359
9275699
1131282
1097372
133176
7107613
5139272
9645208
1528509
2258182
9724940
9061111
4815064
8522519
3419295
6465058
7719064
1041137
5294827
4018684
423649
6783497
9499652
4518607
5469946
2841265
8834166
103506
3341672
3283047
1324167
1185872
2476918
2481920
1222790
764724
938155
735221
9696642
655424
9085526
2922352
1911923
9959883
9124825
1418647
6315794
8102145
4513539
356286
9888724
7569941
954661
8581574
5471382
680610
6483991
333736
4348129
9173202
9201764
7973154
4907229
1243887
7036865
1719695
5735012
6888544
2949046
6590703
3323552
3942792
2968909
1785277
4331492
7953982
3707505
7234810
5804764
1415099
2041300
9804896
1330100
5609546
3021125
8590950
6061673
7236445
9735627
7387813
2753343
3045060
9836985
3620936
1759182
326358
9187207
5372967
3611401
7497203
7650687
2485630
783545
4090866
7917744
8216121
9993464
9227565
70671
6034408
6767166
3016263
103933
4298496
2443582
595160
2624451
6706519
7112436
8446822
3343338
9097492
9234799
8967036
6119484
5576966
6399367
4744212
5361129
1851049
682035
6385235
3069884
7842749
8442744
8527893
2264368
7039412
4988812
854066
9174917
2802290
8205950
1539159
830744
7063724
4965252
4719393
1004899
6777542
5772723
8727691
1400550
3396418
5603312
2383842
3898917
8975626
7428813
8748763
3074968
9441627
2638808
7328814
7145294
8127955
2214265
9736078
6168486
8241390
1863121
290
9207390
7410247
325924
9969698
5086467
6028683
973350
6294006
1202622
6977681
6394117
4649871
3909950
3636047
8452875
3449811
6869886
7817609
1415668
9824103
3543068
1376800
6721479
5742356
9425867
941177
7344248
831892
5537280
1033106
9595680
9853299
5172814
6189388
8462258
8221818
1783202
8108854
5514642
4381670
2485715
5641207
7447608
3170889
1824299
6852403
3162578
4286081
4603058
8968523
5725554
830835
9807120
3066813
9078455
1487884
3413107
7859265
7471216
3709521
6690469
9443021
1148580
4339011
8539622
4974221
5620906
2731069
5464207
9529206
9745799
4871667
4295511
7134878
6346887
3830841
9864515
707237
7716150
8761732
8587173
8124430
9982522
7707687
3409723
162208
4883518
2477030
3055806
2631840
8520402
8344575
8358205
6863794
2778120
5288504
5370101
5280822
1214603
6495159
7938962
3900051
8335390
2475544
7390472
4446372
6477128
4342464
1630149
386103
9964865
3034881
2792538
9117172
2232851
6830220
1123904
1410664
4712681
6103668
6493702
3739102
9910305
6432740
2939481
778525
8351458
618621
4025431
378628
2896213
7251583
2483679
9259394
134164
5770674
6541346
8175385
4083968
9142581
2338271
4897342
989081
4144156
1524843
9839544
3994219
6757178
4344035
7055506
3084740
3237897
1686865
1960351
5094166
3133698
2281683
900161
6318449
3641755
2123938
945263
8924880
3647725
2969443
8867630
853332
7941575
939595
332783
400668
7113451
1726820
7948757
332263
4758886
6583215
3533705
3714087
166195
5703973
2431030
1521646
2991322
2032542
287741
4862934
6038940
7096863
8266911
9308162
1078801
6940373
3565890
6222536
3337779
6831847
3799137
8407069
5339124
2647652
3097761
4719536
3995994
4657891
861854
410111
1874601
6885580
4302749
8090877
9545095
8410930
7982732
8322114
6635997
5210973
8727116
3241095
2116641
9385789
3812700
3375243
7736264
8894685
9003782
5531804
1073260
9899827
1722537
1401458
2735329
5916631
9375944
6508792
2434015
7369021
8310771
8161500
1443230
6079110
7039886
2778456
4602232
3968422
8629212
1529596
3432098
350093
3494422
8740585
4081361
8912206
7596385
1116494
3766858
200979
6538996
8710280
5697340
5728785
1144156
9343464
1282340
7492798
1998985
2285046
1537347
7537839
5432026
675222
9877055
7567073
1374874
7804660
525343
8049536
2107667
4155825
2515593
5759129
5913470
4424517
1933416
2904929
8640218
7699056
7704247
8940415
5710386
7109862
5290898
7917788
1821365
5001712
8631177
3970735
7822441
3825001
445337
7938794
9777000
8351114
2276511
4790148
2563039
1066589
8284278
1256782
7263828
6445422
6777373
8506438
5523074
4444605
6674012
9432093
4281291
1206659
2934880
5238468
924759
1431627
6990746
5331665
2404650
5087646
3749505
3058737
5771844
6260217
2878029
3349663
9570550
4408396
4710675
9781162
2175350
2760079
8793377
6835147
8516409
9328407
5012965
9555280
2776210
3751791
7288446
4555952
6809484
2164743
3738939
4025016
9860060
8795161
7805542
3576405
5440525
9962582
4818443
861565
8580548
6759595
1709532
8389793
2928980
2959933
2781394
9258740
96387
501286
7731685
3778232
544236
4938216
5922332
8767243
5088343
492615
765423
3748341
3526772
3239354
4555345
7861472
1199958
2947618
5926312
8025444
7456279
2055759
5708965
700974
4686434
6835067
4121384
8039454
329109
6323969
2403542
7468598
4567947
901674
5959798
8326645
3077369
4957135
1637882
701819
7488162
7154692
889941
9707999
2089070
6159297
3783211
4674568
3118209
4753823
2755302
5141833
5122554
9796386
9966009
7004570
8553637
5892424
5648544
5563362
3669358
4546900
8663779
6541317
5545339
7933132
8449438
7789797
8238779
4853087
3228757
5577780
9053409
41518
3835877
2132732
8206378
114778
4569149
7601212
2068827
1797423
1975832
1966196
8055009
6918679
9525934
5026727
8673978
2671512
6994631
1439515
3402384
8065492
6736540
7939826
4933695
4683015
1947130
3662021
3272843
3001601
3811213
2490779
9381997
6432991
5563193
4598254
7514550
5727906
737849
2990901
9353765
119494
5622224
9126955
2125942
668265
7720024
2245595
4742423
3271124
1757409
9676743
5577741
7782161
853602
1603547
6240736
695818
3846024
1263468
6363135
2909352
4142924
8408806
9761578
284701
7765731
2022307
3762975
7875635
5258429
343006
333029
2520666
6533766
6886933
1942842
1384790
2271695
7543195
7620494
8097703
5339340
3524749
8235343
7026859
1179570
6840716
8641755
9847616
6895192
4514628
181762
4958905
392989
8675243
1953236
5581895
6723245
9777860
5202738
6744201
5896090
6612610
5353810
8312714
7197430
5597867
5100923
331943
477280
937707
9525134
7296589
2903178
1625970
2416410
65307
5811497
5103115
8045735
3711716
5230894
8583458
1457904
2274183
